jails:
  carcel1:
    world: 247b9917-61e2-4a30-9040-751bdd8fb5b5
    world-name: lobby
    x: 20.347779584124122
    y: 147.0
    z: -29.51519477792989
    yaw: 32.969757080078125
    pitch: 57.17122268676758
