spawns:
  default:
    world: 247b9917-61e2-4a30-9040-751bdd8fb5b5
    world-name: lobby
    x: 0.32157372959465175
    y: 123.0
    z: 0.42530647514223857
    yaw: 88.745849609375
    pitch: 1.9368990659713745
