spawns:
  default:
    world: 247b9917-61e2-4a30-9040-751bdd8fb5b5
    world-name: lobby
    x: 0.5
    y: 100.0
    z: 0.5
    yaw: 12.174583435058594
    pitch: 89.11270141601562
