world: 247b9917-61e2-4a30-9040-751bdd8fb5b5
world-name: lobby
x: -26.671940534469734
y: 109.0
z: -57.54536458403056
yaw: 144.9013671875
pitch: -5.443150520324707
name: crates
lastowner: 80258602-1c58-3645-a5cc-dfd6de35a91e
