world: 247b9917-61e2-4a30-9040-751bdd8fb5b5
world-name: lobby
x: 17.71801853630418
y: 132.0
z: -112.51686462440719
yaw: -90.65399169921875
pitch: 15.28686237335205
name: crates
lastowner: 93accafa-0c2b-31d5-b8d3-195a7db150ef
