world: ce72e6e3-6e09-4391-b43b-afa9300b8978
world-name: world_the_end
x: 122.40786156999943
y: 102.0
z: -239.37525751147552
yaw: 169.275390625
pitch: 86.8499984741211
name: end
lastowner: 93accafa-0c2b-31d5-b8d3-195a7db150ef
