world: 247b9917-61e2-4a30-9040-751bdd8fb5b5
world-name: lobby
x: 107.68758744854551
y: 163.0
z: 101.69177166074319
yaw: -2.60455322265625
pitch: 85.3499526977539
name: kits
lastowner: 93accafa-0c2b-31d5-b8d3-195a7db150ef
