world: 247b9917-61e2-4a30-9040-751bdd8fb5b5
world-name: lobby
x: -6.698083741450587
y: 133.0
z: -112.45751790716719
yaw: 87.84625244140625
pitch: 1.0499974489212036
name: proteccion
lastowner: 93accafa-0c2b-31d5-b8d3-195a7db150ef
