world: 247b9917-61e2-4a30-9040-751bdd8fb5b5
world-name: lobby
x: 0.4203999397774814
y: 85.0
z: 0.36824644875439844
yaw: 179.491455078125
pitch: 2.849985361099243
name: tradeos
lastowner: 93accafa-0c2b-31d5-b8d3-195a7db150ef
